1	     Fp1	     -18	     0.5	 0.95106	 0.30902	       0	      18	       0	       1	        
2	      Fz	       0	    0.25	 0.70711	       0	 0.70711	       0	      45	       1	        
3	      F3	     -39	 0.33333	 0.67303	 0.54501	     0.5	      39	      30	       1	        
4	      F7	     -54	     0.5	 0.58779	 0.80902	       0	      54	       0	       1	        
5	      F9	     -54	 0.62778	 0.54106	  0.7447	-0.39073	      54	     -23	       1	        
6	     FC5	     -69	 0.38333	 0.33457	 0.87157	 0.35837	      69	      21	       1	        
7	     FC1	     -44	 0.17222	 0.37049	 0.35778	 0.85717	      44	      59	       1	        
8	      C3	     -90	    0.25	       0	 0.70711	 0.70711	      90	      45	       1	        
9	      T7	     -90	     0.5	       0	       1	       0	      90	       0	       1	        
10	     CP5	    -111	 0.38333	-0.33457	 0.87157	 0.35837	     111	      21	       1	        
11	     CP1	    -136	 0.17222	-0.37049	 0.35778	 0.85717	     136	      59	       1	        
12	      Pz	     180	    0.25	-0.70711	       0	 0.70711	    -180	      45	       1	        
13	      P3	    -141	 0.33333	-0.67303	 0.54501	     0.5	     141	      30	       1	        
14	      P7	    -126	     0.5	-0.58779	 0.80902	       0	     126	       0	       1	        
15	      P9	    -126	 0.62778	-0.54106	  0.7447	-0.39073	     126	     -23	       1	        
16	      O1	    -162	     0.5	-0.95106	 0.30902	       0	     162	       0	       1	        
17	      Oz	     180	     0.5	      -1	       0	       0	    -180	       0	       1	        
18	      O2	     162	     0.5	-0.95106	-0.30902	       0	    -162	       0	       1	        
19	     P10	     126	 0.62778	-0.54106	 -0.7447	-0.39073	    -126	     -23	       1	        
20	      P8	     126	     0.5	-0.58779	-0.80902	       0	    -126	       0	       1	        
21	      P4	     141	 0.33333	-0.67303	-0.54501	     0.5	    -141	      30	       1	        
22	     CP2	     136	 0.17222	-0.37049	-0.35778	 0.85717	    -136	      59	       1	        
23	     CP6	     111	 0.38333	-0.33457	-0.87157	 0.35837	    -111	      21	       1	        
24	      T8	      90	     0.5	       0	      -1	       0	     -90	       0	       1	        
25	      C4	      90	    0.25	       0	-0.70711	 0.70711	     -90	      45	       1	        
26	     FC2	      44	 0.17222	 0.37049	-0.35778	 0.85717	     -44	      59	       1	        
27	     FC6	      69	 0.38333	 0.33457	-0.87157	 0.35837	     -69	      21	       1	        
28	     F10	      54	 0.62778	 0.54106	 -0.7447	-0.39073	     -54	     -23	       1	        
29	      F8	      54	     0.5	 0.58779	-0.80902	       0	     -54	       0	       1	        
30	      F4	      39	 0.33333	 0.67303	-0.54501	     0.5	     -39	      30	       1	        
31	     Fp2	      18	     0.5	 0.95106	-0.30902	       0	     -18	       0	       1	        
32	     AF7	     -36	     0.5	 0.80902	 0.58779	       0	      36	       0	       1	        
33	     AF3	     -22	 0.41111	 0.89127	 0.36009	 0.27564	      22	      16	       1	        
34	     AFz	       0	 0.37222	  0.9205	       0	 0.39073	       0	      23	       1	        
35	      F1	     -22	 0.27222	 0.69975	 0.28272	 0.65606	      22	      41	       1	        
36	      F5	     -49	 0.41111	 0.63064	 0.72547	 0.27564	      49	      16	       1	        
37	     FT7	     -72	     0.5	 0.30902	 0.95106	       0	      72	       0	       1	        
38	     FC3	     -61	 0.27222	 0.36589	 0.66008	 0.65606	      61	      41	       1	        
39	      C1	     -90	 0.12778	       0	 0.39073	  0.9205	      90	      67	       1	        
40	      C5	     -90	 0.37778	       0	 0.92718	 0.37461	      90	      22	       1	        
41	     TP7	    -108	     0.5	-0.30902	 0.95106	       0	     108	       0	       1	        
42	     CP3	    -119	 0.27222	-0.36589	 0.66008	 0.65606	     119	      41	       1	        
43	      P1	    -158	 0.27222	-0.69975	 0.28272	 0.65606	     158	      41	       1	        
44	      P5	    -131	 0.41111	-0.63064	 0.72547	 0.27564	     131	      16	       1	        
45	     PO7	    -144	     0.5	-0.80902	 0.58779	       0	     144	       0	       1	        
46	     PO3	    -158	 0.41111	-0.89127	 0.36009	 0.27564	     158	      16	       1	        
47	      Iz	     180	 0.62222	-0.92718	       0	-0.37461	    -180	     -22	       1	        
48	     POz	     180	 0.37222	 -0.9205	       0	 0.39073	    -180	      23	       1	        
49	     PO4	     158	 0.41111	-0.89127	-0.36009	 0.27564	    -158	      16	       1	        
50	     PO8	     144	     0.5	-0.80902	-0.58779	       0	    -144	       0	       1	        
51	      P6	     131	 0.41111	-0.63064	-0.72547	 0.27564	    -131	      16	       1	        
52	      P2	     158	 0.27222	-0.69975	-0.28272	 0.65606	    -158	      41	       1	        
53	     CPz	     180	 0.12222	-0.37461	       0	 0.92718	    -180	      68	       1	        
54	     CP4	     119	 0.27222	-0.36589	-0.66008	 0.65606	    -119	      41	       1	        
55	     TP8	     108	     0.5	-0.30902	-0.95106	       0	    -108	       0	       1	        
56	      C6	      90	 0.37778	       0	-0.92718	 0.37461	     -90	      22	       1	        
57	      C2	      90	 0.12778	       0	-0.39073	  0.9205	     -90	      67	       1	        
58	     FC4	      61	 0.27222	 0.36589	-0.66008	 0.65606	     -61	      41	       1	        
59	     FT8	      72	     0.5	 0.30902	-0.95106	       0	     -72	       0	       1	        
60	      F6	      49	 0.41111	 0.63064	-0.72547	 0.27564	     -49	      16	       1	        
61	      F2	      22	 0.27222	 0.69975	-0.28272	 0.65606	     -22	      41	       1	        
62	     AF4	      22	 0.41111	 0.89127	-0.36009	 0.27564	     -22	      16	       1	        
63	     AF8	      36	     0.5	 0.80902	-0.58779	       0	     -36	       0	       1	        
